-564
-378
300
194
322
-704
-26
-572
-706
933
192
627
687
-82
-91
-61
520
-137
-612
289
-368
-439
420
-557
-882
-315
-712
-823
-322
-797
413
15
-133
434
527
-31
-202
-954
-246
-825
-853
-277
258
255
-858
-797
626
-594
-675
986
474
657
-126
-317
433
886
-622
-33
273
173
87
-629
939
-279
-914
-231
-243
-892
789
96
834
-377
-353
780
-679
934
451
13
-611
-451
842
-476
550
546
-623
530
66
-105
-506
-412
-514
633
288
-463
392
-940
872
-989
-106
-783
153
556
-403
447
828
-554
-702
822
401
238
344
396
183
681
720
343
-579
-393
-275
726
-582
-508
-388
-753
-248
432
-62
-92
424
-821
-121
712
-710
-756
621
-915
-979
809
-960
259
-216
-690
-717
-700
-706
-295
386
423
-106
368
476
204
-179
700
-60
504
654
-6
-267
-153
-819
-536
-132
32
362
619
179
-612
885
828
-450
-92
-385
-929
392
-19
-509
488
-795
613
-833
-217
280
-593
-225
782
275
-370
894
856
686
-149
-357
264
360
-680
-556
281
-42
-618
191
-526
238
908
497
-355
394
-275
-250
131
808
-600
833
-205
-959
-950
503
-567
-844
-81
542
357
634
-761
296
844
817
-863
-162
791
-928
-617
-970
-198
-605
456
-236
7
-20
290
-968
-568
844
-548
-557
-351
-83
518
-536
-97
-188
550
-669
-575
-453
902
324
827
551
86
92
-614
-372
130
216
-275
-951
506
-797
-426
869
528
132
-183
-87
-686
-214
111
544
-935
710
-475
-243
361
246
-715
748
-2
443
-136
456
-545
171
-8
-728
-740
-780
371
-827
-308
136
-863
-526
-199
673
380
827
-341
930
996
89
875
34
-119
-315
-778
383
-735
898
-851
-952
926
994
-747
347
-404
156
11
-257
-412
-883
-975
-512
614
428
-406
736
937
-350
-961
-409
382
891
-393
-61
725
-436
473
792
888
13
-664
-835
-251
-312
-775
241
-647
-670
-154
383
-174
-229
362
806
-97
713
-564
-353
-356
-58
628
-841
-880
585
162
975
896
-440
-379
45
-289
704
-57
506
369
443
828
131
501
-648
-940
-853
922
-408
-7
913
-996
-130
-62
274
169
-318
251
257
-974
814
-526
860
967
-29
-99
-788
-760
973
741
-816
-89
144
-251
189
-335
-140
-449
854
155
-191
-551
841
-74
-736
-752
480
-793
-607
959
-146
600
207
516
-672
-441
-470
-587
-90
-529
927
572
-992
355
179
937
660
327
692
-214
821
-999
843
303
-30
-165
-589
820
-575
448
-832
226
811
-461
-275
-204
99
509
-183
-442
649
-935
-740
-927
-907
457
142
844
188
998
-453
808
981
697
-567
-248
-676
-434
836
-482
-296
-679
677
795
857
-110
-848
492
-564
-94
514
-39
905
601
-349
-883
-71
625
-194
830
-690
656
287
-647
-797
-836
567
196
527
472
-596
577
759
-15
952
-290
222
865
-34
-22
750
4
-590
-204
175
-318
932
-384
225
-467
797
32
310
258
-222
-457
571
-793
-818
936
-101
-913
762
895
-323
403
286
325
-191
-789
7
316
651
-124
596
701
85
-890
-170
-297
649
-999
789
472
235
-64
-178
-76
-355
284
-165
964
-882
-534
573
972
-715
131
-768
-611
924
348
547
-857
833
955
72
992
350
-189
171
180
344
842
953
-118
-590
705
-805
842
42
-912
-113
-115
-317
879
-804
-397
518
-480
-292
666
420
155
-418
-926
-582
640
-904
-310
-844
-504
631
338
339
-21
-972
-359
-11
92
89
732
-805
854
-19
-70
165
971
-490
357
-613
-383
761
-142
291
-459
-478
-933
-542
-540
729
-601
-411
-370
-826
256
404
-472
-795
200
876
723
-889
-361
-683
-117
969
-574
-526
728
-631
572
33
-941
-882
-621
-199
-774
-873
-818
216
977
344
-336
720
795
287
268
-91
-292
-375
528
-409
-508
-416
976
686
-88
752
41
-182
-670
-91
575
-970
307
837
-671
-619
836
-840
-253
737
787
885
-602
282
358
-695
-771
130
-631
-174
-524
-818
564
-47
-169
204
-721
-191
567
337
-282
675
762
-224
667
-284
-103
-479
896
-611
-971
-29
46
752
695
13
778
-660
393
783
923
-220
948
56
-125
-289
442
-799
-542
-913
735
857
46
-937
-878
-752
436
-937
-518
746
26
655
881
-382
-342
-893
572
599
417
-31
987
-894
109
443
-583
863
341
997
-32
-167
625
140
-229
-534
503
-302
406
-267
694
-687
265
603
143
718
881
-13
979
38
792
-742
555
496
278
739
-853
559
-283
317
556
-290
750
267
-68
944
-576
408
31
764
606
917
252
568
389
843
629
744
660
-103
950
342
499
-611
464
335
-211
-417
305
536
723
953
-899
722
690
492
-974
416
422
10
856
529
440
509
-875
99
-868
-861
518
-886
526
930
-678
-927
688
630
10
-926
-441
353
171
799
-476
-436
340
-917
-592
-13
290
844
34
513
910
578
-311
345
-407
-136
-625
-942
551
-140
-857
-273
-585
-173
845
-562
781
-572
100
562
-549
-564
-500
957
935
-694
765
723
-582
-341
656
-300
288
576
311
-327
253
-318
-74
-826
-552
235
855
417
296
104
756
-832
722
316
-30
506
595
-796
205
-72
-156
863
-620
-222
-835
924
-526
-919
50
411
873
-731
-365
851
-619
21
954
-683
268
-705
713
973
-188
470
851
180
-86
714
42
-612
278
972
-67
-235
627
-946
784
-963
-177
340
380
531
-45
-387
-277
-359
-378
-465
194
-670
-838
995
-653
931
807
-378
618
-488
635
-177
309
-303
-283
-409
857
-302
-276
-924
-61
-735
-146
776
647
-553
-884
-771
801
568
382
-598
-507
885
-225
885
588
946
-984
741
-689
307
-428
138
-641
-121
293
415
196
-995
-134
-794
-785
-613
657
779
-276
-365
-729
-456
-241
-224
-301
835
-727
-200
-271
297
854
807
897
-303
-534
-159
-26
739
922
284
866
-843
548
116
804
844
-671
-728
393
-137
414
838
-50
334
177
-699
-137
775
-713
-567
228
-892
-227
-678
-845
591
530
913
316
717
541
-530
-926
-843
-7
-273
-241
-79
-194
-872
-605
726
-745
651
436
-78
761
328
363
419
72
795
571
-204
-326
-170
-111
-976
-809
-701
-664
-281
128
531
831
639
272
959
-737
-284
-738
-327
417
318
219
-370
-685
-696
-684
-441
344
636
-623
-270
157
-470
622
-220
102
607
-671
-81
-339
-20
-191
-638
-278
-88
567
278
206
744
-622
-781
290
719
649
-999
-736
-990
-912
129
40
353
389
333
-92
401
-475
64
-944
-389
-529
197
-980
93
29
-579
668
-954
110
406
-191
-370
-877
1
-615
-102
9
5
-655
574
-243
-813
-702
278
-640
-141
-369
787
-983
-911
-198
161
-541
785
510
257
-129
-672
-733
-735
400
427
-513
-47
-856
-144
502
-601
-22
526
-803
-603
331
-193
388
-623
820
342
-753
652
-697
823
517
264
390
409
-881
-936
-386
943
732
383
-435
312
57
-597
835
-398
-906
807
-443
448
983
-887
51
221
-534
470
413
127
-705
201
884
-419
700
355
-13
-623
-259
-696
-730
-162
289
842
568
443
-252
-436
3
-11
723
690
-453
298
766
681
-367
502
343
-765
-26
784
404
662
464
343
735
43
143
783
105
203
737
-167
722
-213
-230
1
208
701
-990
786
717
982
35
-700
-349
-807
288
567
-678
553
-637
-68
-843
-204
201
-639
971
9
99
-532
541
676
551
-338
49
-905
15
548
-236
-404
-698
340
-485
289
566
-856
-88
-131
-22
737
-89
57
962
356
37
-699
119
966
844
566
252
-407
447
347
496
-941
562
302
-153
713
677
-494
149
378
-225
-682
893
-613
-16
427
-326
958
830
116
49
336
-471
922
311
-886
-502
-405
492
167
896
30
827
-796
-664
390
568
-803
757
69
-198
-955
489
-356
641
356
-210
-929
176
126
992
142
504
-388
774
-415
977
-423
474
-646
-623
516
-247
649
-456
120
549
915
-552
-923
541
-246
-10
-566
-474
-708
-685
-545
-846
434
-835
305
464
-679
-722
-80
799
583
-635
865
-117
11
-380
-259
693
494
-812
-214
-294
663
323
-895
-514
948
116
-332
977
-350
-777
539
756
5
364
-77
-502
124
-248
900
523
647
-563
904
-246
-415
417
303
-607
926
-536
410
-988
-131
-990
765
-718
907
-274
464
-635
741
979
12
-269
980
-395
100
422
-423
-814
601
260
-481
414
235
-684
631
979
500
-796
637
706
644
-230
-273
-335
300
-928
-868
438
-833
-904
-152
-110
-7
498
465
-777
-275
-369
410
399
-643
-946
-783
-363
-151
-761
879
-224
-254
632
-745
-589
76
-314
-508
-264
300
-873
594
803
-310
775
-632
298
-888
-672
985
471
986
-698
857
201
475
-440
429
515
426
694
398
-768
-383
-353
166
-950
765
550
-939
-797
-864
-24
955
-241
-634
984
911
-109
574
135
-394
254
-989
-561
-988
-388
-813
-815
392
-781
-668
-418
-178
-769
-76
702
-669
494
-724
813
953
-710
-55
449
296
-999
162
-163
-918
-708
306
-650
-563
-327
-288
-578
276
-938
-705
535
-81
-403
-975
-178
-897
-382
785
-558
682
-272
-673
-788
-246
-986
369
-179
398
166
803
-481
168
765
829
688
-358
-229
196
767
-439
-416
-567
372
-562
824
750
-646
213
871
825
-72
-944
301
-634
-486
-811
-996
282
4
92
-849
-531
845
950
-505
-585
-345
952
-251
-401
68
-494
342
775
-806
-698
148
-561
318
598
-932
43
-684
594
-296
-794
304
-907
-860
-621
263
-965
-283
-358
121
201
-215
869
-494
-985
-488
-395
695
114
-755
592
-888
-661
-486
-311
380
356
-931
-746
-71
230
-829
714
785
-210
801
-134
-673
465
-911
-377
-618
-134
930
374
59
-751
221
271
-647
-525
-980
-953
564
-677
824
476
-198
172
-52
648
137
-234
-815
-689
722
-498
-846
-758
28
-973
846
310
-420
-848
-435
957
-263
-472
-367
-918
268
-272
144
491
207
44
-56
-383
-779
747
-11
-426
-715
150
617
-669
-28
28
280
-61
419
930
479
-4
-189
954
138
-97
237
150
559
-218
-415
-119
564
-17
344
-57
266
328
479
768
-489
128
-113
-568
913
-929
-736
-97
-334
-479
-101
279
464
-818
-40
-796
956
-191
-242
84
317
-921
940
-823
504
124
-948
126
-329
-727
407
818
331
841
289
951
-308
-313
-783
509
204
400
-642
839
447
204
-196
-329
147
-990
-451
505
-12
-199
-761
-879
-609
871
969
-149
-289
725
324
-633
637
165
-52
-828
502
679
-496
-563
220
549
317
217
254
208
-673
555
312
642
-576
-75
436
815
739
-389
760
541
-995
-741
427
-216
-191
954
491
-137
297
-449
-467
340
-397
-107
801
406
-788
-321
282
-178
-954
-120
-272
658
-940
-482
569
-824
-238
370
-503
277
266
368
248
349
-234
-912
-154
403
-913
-839
64
-96
-102
48
-202
-335
907
396
668
-831
431
899
55
-426
936
-412
-732
593
-723
285
171
113
906
423
-669
-273
633
-650
99
682
798
-8
-154
419
-744
642
697
249
-10
433
971
-400
557
297
-753
943
-522
10
-451
-991
-560
265
-738
74
-154
836
-465
206
333
786
-300
898
-613
374
223
888
749
536
-948
-382
-246
-728
424
523
647
628
-606
452
91
484
165
286
-650
-449
923
873
-560
-841
265
-742
36
806
182
-39
888
159
432
-636
-614
289
446
-394
-576
430
222
-710
-953
886
30
199
162
968
561
112
978
-443
-923
301
-343
-257
-604
-836
778
-499
-627
-846
-87
49
281
-32
673
-308
-860
905
822
-414
-703
-909
769
863
106
-852
384
-41
821
443
956
257
395
-552
-336
557
-579
-730
-779
357
135
129
888
-663
237
-32
58
872
-436
-23
-724
-68
-330
-134
-979
306
785
-370
-148
917
526
634
806
-541
478
-491
924
678
879
-124
-400
-953
53
905
-141
676
350
-539
551
917
-374
-160
885
-975
845
366
-34
-574
246
939
-531
-118
-731
873
111
394
935
178
581
-489
568
752
-953
-706
-451
-220
366
165
778
2
-553
964
-42
-506
1
-19
455
-770
-522
199
-271
74
449
-533
522
-148
-993
-486
-783
196
591
448
-283
-690
-480
-983
65
136
331
680
964
-172
-340
791
765
-324
404
163
-47
-808
674
-996
-616
243
-633
256
942
-356
756
838
-653
382
232
34
483
277
247
17
421
22
-332
517
837
-189
-48
-777
-496
-978
711
875
537
-119
-334
974
-871
-819
-813
-754
804
-978
280
-603
-822
366
-509
-189
634
794
768
-958
610
654
-621
-932
-12
-659
-252
-858
834
121
-992
-990
800
-486
-346
-564
208
556
-499
-976
323
898
356
-555
-999
469
270
524
777
585
-859
-499
857
-326
916
-205
676
498
665
-573
931
-918
407
-90
393
-368
565
-919
-906
310
-360
-891
875
-496
-26
216
-213
401
451
-70
236
-234
-111
-322
334
-213
-552
-868
-101
-748
-519
168
-794
-551
34
851
71
-828
-538
655
749
85
-558
-867
-775
-497
362
1
-786
-230
-850
-600
552
-705
-474
-411
945
156
-791
-192
409
741
711
-979
-272
281
495
-41
878
482
311
-631
227
-194
667
853
637
-729
286
-676
913
303
-542
999
-347
815
942
118
-607
711
74
521
353
462
-697
-935
-646
-87
-992
665
-976
-683
496
-905
318
898
-381
-223
346
-789
803
-892
349
-799
390
262
-784
706
717
-95
-89
-760
862
-166
528
-907
496
259
473
-985
-325
885
-74
-544
-872
461
-697
3
-243
-139
347
-849
615
170
172
-892
-344
-543
-226
876
-498
740
-971
50
-779
-492
-638
351
-439
-297
-873
636
747
-22
375
648
793
965
963
-890
-491
-422
316
86
-249
797
422
-128
747
84
-294
-485
217
-630
-553
69
-864
-815
-265
-431
710
-694
628
-435
358
448
81
258
-704
774
705
845
-586
-947
-134
-545
-342
-112
-267
-641
843
744
867
-505
-909
-401
-478
978
327
65
-914
889
-320
-196
323
12
169
507
473
716
862
94
-712
-285
13
382
-193
324
-630
-704
-796
80
144
710
969
944
-573
-105
-378
-110
166
-967
-198
-610
-976
-939
755
-749
-1000
-385
-30
-460
867
677
-677
772
620
-362
77
-795
-788
-734
-958
-709
-415
-485
385
-306
-34
-248
765
271
176
899
225
-633
-254
294
188
-836
-716
663
-810
-612
-184
-459
24
205
-247
991
247
-208
-977
208
58
-409
-698
928
-717
-541
-465
1
775
969
-97
-695
-724
-648
-356
-313
-685
-484
841
464
-497
684
636
849
93
456
209
494
-874
-7
-302
-5
641
-357
598
931
259
-998
754
975
-124
168
-827
-24
-523
165
-659
589
-460
13
-545
-897
203
-624
757
449
-934
618
10
191
-841
-915
120
53
-977
-147
-235
970
204
-761
674
-36
211
-568
594
851
468
-532
789
-231
-557
980
-310
492
-318
175
181
-118
-762
-655
227
-65
394
-462
-130
750
117
-52
81
115
129
-663
704
-141
-543
-447
-885
560
-173
928
349
-616
385
835
708
-222
554
466
566
638
-623
-942
19
-75
318
266
-671
670
548
-279
-570
-632
428
774
-528
-460
-33
519
511
-216
-69
-794
-315
-808
-819
849
-558
-482
-94
372
288
-597
-306
856
531
-574
-263
770
-894
774
24
-316
103
217
-570
360
-357
-799
640
-740
-213
739
338
894
-318
63
361
-659
115
-185
816
159
528
-420
-72
965
-877
425
74
491
-26
-690
472
-888
-878
1
-377
114
773
336
-137
-913
976
-467
-669
-300
-948
394
-968
974
646
-117
-773
454
-10
-425
20
576
692
-988
-869
836
-102
736
613
228
48
-22
950
-763
341
876
-1000
232
-710
448
-127
-383
-693
-857
-191
791
768
-867
-570
476
888
-223
581
-150
639
-499
-362
-472
257
932
746
-259
458
-483
-916
921
-936
981
-413
752
-452
-931
488
-792
867
-649
-123
-853
-767
-312
443
-924
434
-108
370
-438
-612
-860
691
58
257
207
-803
-993
219
-541
-754
128
-752
-4
-260
-588
-136
903
339
-804
-472
-642
786
-391
-167
-461
-560
22
479
-385
-854
-211
551
678
-701
-298
758
-934
-131
-15
-571
701
109
-858
100
-399
964
-826
-852
855
-91
-795
296
-365
-716
-950
-800
-899
-777
526
21
-552
411
678
407
-21
410
-43
-588
846
-554
-655
61
-57
777
712
-808
-755
-528
-228
-341
-493
746
-453
456
-7
213
303
296
227
704
686
-615
-934
618
54
379
812
-92
-231
-565
-658
381
619
146
902
100
974
881
666
-951
-245
-417
-381
-59
189
18
-733
210
111
789
374
-118
171
402
508
520
-247
-963
468
-357
309
348
-457
-483
-394
107
-890
-488
442
-667
-642
849
319
224
722
-560
-146
69
-601
578
513
234
113
73
-844
912
-656
983
592
-7
-997
782
-158
-530
686
-817
-635
83
412
-277
-593
-844
-655
512
811
-553
-917
-579
-351
44
-677
763
-900
-732
-187
-941
498
836
458
248
265
641
-474
-379
-497
-618
-720
-314
267
743
380
-809
-353
423
458
462
-204
-57
-689
-828
-495
240
-543
982
29
-423
-570
-720
-728
-538
478
-316
-328
-748
-111
848
271
365
-172
266
52
172
544
2
-580
-917
696
-58
-187
-241
639
711
657
148
-196
788
-320
-987
805
709
890
-827
138
527
-52
251
982
-750
-943
-85
153
591
-381
-835
-470
-721
-105
871
428
-641
-545
975
661
997
767
241
-251
-969
861
145
623
335
-108
-269
415
-886
-532
264
-678
-900
684
566
-471
-426
837
-742
-762
-632
416
-727
-102
-316
-863
-244
838
680
163
23
-315
-488
765
-47
779
561
-213
118
803
-207
467
-740
901
425
734
573
122
753
-604
258
153
-469
750
548
129
-274
211
-323
575
-559
283
-680
577
-862
-534
-812
-162
-32
454
-406
-176
-161
-402
467
448
749
972
459
295
-149
-962
82
-300
648
-485
-316
-885
28
-36
630
399
-366
587
48
-222
914
-933
864
125
-998
125
981
558
-807
809
252
179
-71
733
-480
-738
488
585
-798
165
-366
29
-133
-778
-494
-470
-111
-519
306
-141
776
-532
-375
-625
203
140
-638
507
501
631
648
142
114
163
-659
-886
-458
709
506
798
71
-335
218
-104
-894
290
-398
578
333
492
409
-652
-6
-222
-965
688
601
378
-350
486
-394
770
-58
-489
667
868
-924
-638
702
-707
-688
-842
-189
-636
-122
676
805
838
-140
683
360
346
-277
951
-40
-800
900
870
-77
238
38
-826
490
-392
334
-256
135
408
-310
-174
874
-513
329
18
-122
159
-221
-257
-282
-341
787
599
-802
736
-371
-112
124
-527
-317
-676
-944
801
774
-2
467
-943
401
383
208
885
-484
449
-179
154
856
-215
134
-157
-652
232
84
829
571
-253
-539
-794
273
-219
-417
-254
-424
822
-320
-422
-310
790
-411
356
-356
-142
-718
298
547
-840
785
-965
166
-741
-154
-914
-389
929
465
2
656
-378
-254
-412
910
-687
236
110
520
-690
-606
904
665
36
-192
478
-221
-259
-941
-665
752
18
930
-579
598
-102
908
-126
-837
-843
540
779
-166
-354
290
307
-712
-930
952
-486
539
490
-375
964
199
-201
921
551
-176
953
771
-254
976
-955
-330
277
-936
-554
-691
-564
-205
510
-497
-733
962
-653
196
25
-877
-465
-10
-57
-240
-741
-438
-639
-169
336
-596
-36
-455
462
-826
228
-393
-861
280
119
-656
386
600
-469
-348
-468
634
36
212
142
-948
-141
397
360
915
-580
498
804
-910
-458
-655
-598
-660
-181
242
-26
-684
-71
-637
3
-403
-340
-68
649
-604
98
698
857
-977
-406
-610
87
-961
249
157
352
51
-505
-734
113
-254
644
250
-520
-401
510
-766
-17
163
115
-797
498
361
682
849
239
-921
43
161
-522
369
-507
-565
-893
721
-492
611
963
562
448
-939
263
-870
418
-841
-764
-237
-232
-963
10
776
350
349
900
83
-132
-628
805
897
398
-594
377
697
278
-775
791
234
-294
836
36
-806
535
250
449
216
36
-102
904
-598
-946
-689
-409
693
-511
-801
21
-349
877
947
-215
785
-714
114
-477
-186
851
904
-270
848
875
877
404
-156
723
840
-993
-989
414
-36
-768
-765
632
194
526
627
980
-512
4
41
46
-997
-954
58
-976
-116
418
-957
898
717
-547
-118
357
-757
522
20
-982
-201
861
449
-50
791
371
-157
-340
-33
764
-623
535
429
-888
86
-786
413
555
266
811
706
-407
450
-388
-290
-770
-650
-874
-78
598
-751
302
413
606
413
697
-50
-587
272
-142
85
-651
830
-129
-130
-487
-548
-257
-602
-583
781
-213
-259
986
782
-943
-715
795
639
575
-795
-109
-515
-932
33
-179
-21
381
939
987
633
406
995
772
953
-489
-302
-942
258
980
866
858
582
-107
527
-964
-852
-199
593
403
-226
740
-840
614
-782
-91
-345
-883
-419
-471
886
526
-739
-913
-22
146
-21
-592
-898
723
534
140
187
-566
531
-455
718
655
969
971
350
339
737
308
706
-780
732
10
523
-44
286
-8
959
344
532
-219
690
-197
-948
858
98
-403
782
-913
183
423
962
-5
-646
-505
967
-280
505
-443
-395
970
-251
520
595
499
808
777
-132
-326
-419
843
797
635
-639
-166
492
-191
-187
442
841
979
-114
-764
424
519
454
177
901
-255
753
-460
496
-246
498
734
856
476
-238
678
438
-643
-752
522
96
-749
-613
688
505
112
-763
544
-626
-887
73
-801
190
274
564
167
-109
-101
22
397
782
385
-392
-176
-75
334
-72
944
-8
151
-293
236
417
127
-102
-927
431
602
-579
-175
120
795
110
490
-529
-560
-19
-397
-741
78
-529
857
-761
635
-41
-348
605
885
-283
129
412
821
-181
472
845
-688
938
-316
206
-753
778
472
-781
-403
484
-787
612
142
147
336
635
83
18
-167
-995
6
588
750
-201
653
-833
114
-421
-34
-406
-17
384
-901
-29
-216
-533
-425
-141
692
-40
-696
179
311
-781
646
-847
240
-548
659
487
769
-970
-127
472
-654
-624
-127
-600
597
851
75
-422
-106
109
-498
107
524
-467
377
-773
229
-283
-382
-480
-962
62
230
-559
76
-719
-503
289
-456
-100
-944
-406
-534
712
641
-100
105
425
432
831
-167
-134
-920
-365
-701
-959
-313
-319
-666
748
-47
549
-167
329
668
-639
89
434
-582
-612
-372
-308
-580
734
-39
151
-217
638
-326
-828
-989
937
-486
-134
127
-489
878
453
291
918
-278
-815
-329
395
-900
-677
-504
-615
-657
-815
627
128
341
225
443
767
-751
-714
320
222
611
366
557
166
593
-281
-596
167
-221
-896
361
-558
744
-112
197
-244
-414
875
772
184
-740
-75
-848
575
-95
-452
709
-196
-544
-978
-138
-897
-875
89
312
-781
183
810
375
-643
742
-423
72
687
4
-286
230
578
252
831
-591
-202
787
164
-193
-504
505
-291
-948
-174
-628
-202
952
-488
-942
433
-290
-879
-690
-341
-586
-208
24
-733
-842
-967
-137
-692
-945
633
381
382
-562
440
-699
15
-898
-476
-748
-558
819
962
-535
-631
-574
629
369
943
401
33
375
-485
-278
-197
-340
-270
-932
517
-954
-240
288
-34
-139
-202
737
-262
62
81
452
606
931
580
-205
351
389
-809
-603
503
-504
-279
-4
-231
-254
500
-959
-209
784
1000
-580
287
-312
900
-723
-208
-965
-657
347
57
931
-617
692
-783
420
925
-522
-242
-14
-952
51
340
-979
-101
815
-987
511
-475
-745
-291
-324
565
169
-997
821
224
-398
-525
719
-301
-175
911
91
-529
-467
83
-871
-260
904
-205
14
925
-61
-500
114
-11
370
904
332
-786
464
-556
-436
-448
722
-694
864
-86
-104
-705
473
-866
-373
351
-67
-985
553
301
437
-64
-204
-901
24
232
-925
657
43
-836
-948
-246
346
159
966
892
453
450
-768
-562
537
-853
437
655
792
-499
619
344
-516
-96
-422
-1
-850
-255
-588
-109
-366
534
988
-326
-861
195
907
-509
974
-505
-89
-182
947
266
-947
962
-100
512
504
-635
12
768
-925
-888
-331
968
372
-829
-262
-897
254
288
-490
491
-317
-137
-279
-929
-624
110
71
-722
-130
-800
-787
97
-419
272
927
-753
-509
173
-648
597
-954
-756
908
501
387
146
-527
855
129
95
-366
-609
-542
507
-652
-130
-88
60
239
-619
-806
-530
-509
383
503
222
-463
-949
587
-292
679
-647
-42
-338
-918
-905
-190
691
-91
-459
657
-213
272
511
-161
876
935
71
-887
-886
-863
-684
282
-228
-919
-336
-465
418
268
717
-695
-459
393
813
-847
-871
515
845
-202
957
-958
136
110
770
458
-970
26
-145
-813
441
-148
-630
49
-523
-366
578
403
-976
-444
-131
407
865
-755
-545
495
525
-556
952
-16
-734
894
-46
-857
-527
697
140
730
-910
-618
-283
800
-626
-651
-368
811
-731
493
-670
920
-619
132
725
1000
-910
63
-741
882
340
-398
556
-31
955
178
-558
378
64
-254
525
272
565
-820
624
732
705
587
-301
-141
252
-742
-798
-348
-220
660
-56
-706
974
-29
379
-971
788
-362
-181
-164
181
162
876
545
597
-665
-931
-133
498
-929
832
489
-494
224
931
-673
830
499
223
1
330
337
-174
-364
-725
-648
881
53
-367
574
261
-450
971
198
-889
-55
-711
-425
-936
802
-188
803
278
-417
43
-150
943
-756
376
-494
-702
-370
-984
860
906
-209
-340
-859
490
-998
-389
-100
-784
707
-736
735
294
-84
365
143
734
485
-638
-438
-996
-118
380
-43
-107
-328
267
-328
-507
-486
501
-33
393
-947
-925
292
818
-446
345
-494
443
65
-998
318
-632
489
914
579
-249
-221
-83
339
505
-845
239
-970
27
856
338
531
429
70
351
362
-815
451
182
-641
38
58
110
-456
353
614
50
-781
456
-274
907
-749
-842
-718
-955
-321
791
604
863
-632
814
842
-208
-733
-969
228
-84
-85
-233
949
230
61
532
-38
-6
309
905
944
501
11
853
-265
27
-887
781
-232
369
704
397
-639
121
-665
-884
675
896
687
-567
17
-250
385
-431
659
-671
947
-110
491
133
-622
134
-756
-947
-318
779
351
-573
568
492
-222
-40
-51
767
558
955
354
-168
400
653
-18
535
999
-982
-153
543
-867
-183
154
-902
590
348
113
890
-165
651
-422
-367
-277
759
213
-584
732
632
-313
-654
-109
-496
-998
685
-697
153
-48
45
-468
998
74
-244
16
-296
501
-367
-428
622
743
97
-578
-497
-7
-439
585
565
950
322
948
-604
754
625
-689
-309
-600
389
-367
-729
133
209
335
344
535
866
104
-142
118
-705
-316
652
-288
2
-979
-592
-523
651
69
-949
617
-57
-588
595
-710
547
-992
-731
245
507
-563
777
-938
214
666
-659
-218
619
99
619
-606
-596
495
-311
711
-48
488
-120
-763
969
-333
684
-459
717
913
-493
-681
-686
953
-128
-282
-441
-672
-870
-679
-820
-548
362
561
-436
665
825
369
-385
769
-774
413
-68
22
18
708
467
-156
477
191
-433
-883
544
360
672
504
-360
799
-937
825
-381
-54
723
-285
-473
-793
662
-54
-195
214
987
-80
-910
-540
406
316
-474
632
-44
127
-994
-948
760
-740
-95
-247
692
696
968
-889
283
-518
-314
-388
530
-502
809
-356
-984
-275
465
-177
901
72
813
-517
-740
-333
-750
686
826
-819
-216
-38
-630
-564
-56
484
-735
-298
825
-358
871
515
178
-582
190
-582
-449
-990
-719
-65
-677
268
204
-297
863
478
-512
-733
861
-524
-175
141
464
-793
812
-721
431
-526
-6
-586
-483
651
-423
523
-320
874
702
-609
-688
-993
-940
-414
768
-966
-416
771
944
-2
-470
817
-395
410
836
372
845
-136
321
-310
631
-609
-798
93
943
215
-243
-732
-351
382
228
-13
-972
-268
661
-622
264
797
-322
330
-97
-405
-520
749
658
180
-974
-180
-171
-316
-174
-943
302
30
-621
574
-302
-458
676
241
-257
940
-687
50
387
825
845
-374
659
-51
-230
-380
-380
181
817
-334
-790
-890
-13
689
-372
-10
783
96
819
86
181
-558
-534
-646
-792
357
839
530
788
-359
617
634
-631
961
-341
-966
665
754
275
-693
-872
-501
367
-107
-509
-986
-212
-317
386
55
-114
-361
514
-905
56
368
-670
238
-634
188
17
340
-53
701
-30
-743
-913
703
139
879
475
473
-980
998
572
-29
-6
268
-183
-424
-31
658
396
791
-33
-351
-310
405
-467
747
-234
320
309
-468
484
271
363
437
-28
876
371
608
117
135
-866
-178
167
969
443
-950
72
-135
574
749
629
-102
-229
184
-700
-839
960
-367
938
-861
-32
-147
416
-338
902
830
-607
371
137
-517
-127
531
671
-602
-72
-662
-80
-288
349
576
-654
-223
-58
637
-223
76
279
-847
-128
455
-92
677
518
599
-589
-768
-184
-368
763
-523
568
593
291
842
255
-916
513
-625
-280
-257
-585
695
13
661
705
657
-171
-587
254
-786
-927
58
-717
-414
801
302
-429
88
214
481
935
-111
-115
431
867
-249
-127
391
-339
109
586
-816
-429
-140
-476
-522
802
-715
73
627
-807
614
-314
523
587
-31
462
384
-411
383
335
-419
534
-622
579
369
953
-324
-207
962
751
-70
-959
-77
141
269
76
107
626
609
-582
-342
427
605
959
377
480
987
429
-918
-9
-632
-885
706
-646
469
252
944
627
824
789
-692
-898
-953
683
-762
-873
921
-889
-984
-467
935
281
-800
453
-716
-445
695
-12
49
-138
-434
-396
815
-321
531
949
768
-449
-954
302
259
917
-955
545
-506
-569
562
226
544
-645
-327
996
730
-974
-39
-583
757
216
-430
832
-980
-88
330
-226
612
-973
-248
542
-941
439
181
-385
-976
-642
-777
821
506
-920
-189
-667
-941
825
-450
-118
954
919
-27
-270
-178
337
609
-345
-892
819
-10
-866
872
979
-812
775
383
669
-595
616
-615
-962
-41
-290
104
821
288
875
843
-457
519
-885
-358
-119
-529
246
-127
-980
222
687
-346
-631
-743
785
637
441
761
-995
-895
600
-18
689
-777
-564
-83
-678
522
159
34
-834
310
452
969
-881
-893
985
-141
-106
757
511
46
-152
723
-958
642
927
-448
15
386
1
326
-17
-825
-237
-541
-966
-680
-676
480
-413
-926
-845
182
136
628
-699
53
-25
-694
441
-830
-138
848
643
479
62
-4
-753
349
837
-64
172
-537
-461
213
601
-273
-910
-517
-98
204
662
-876
-463
-590
-31
675
562
-142
189
-422
933
-962
114
440
-517
-513
-535
-426
-387
-588
-463
898
775
-473
511
475
909
-476
384
969
-122
395
484
754
-94
892
859
-108
265
-436
949
151
591
-929
-306
-47
-978
-669
645
-406
-786
837
975
448
419
586
336
752
-114
-606
-57
292
-336
167
-844
95
729
619
612
-578
-191
363
19
888
-836
-128
-16
358
-185
613
903
-237
455
978
-9
93
756
227
512
303
-304
472
-376
-316
276
-379
-814
150
-193
396
258
-858
429
776
-672
-874
-695
225
689
681
-472
400
471
-477
169
-805
-850
959
-285
891
591
948
-415
-840
694
-400
272
691
-123
-371
-454
-214
-792
-917
482
-883
-818
-687
386
-849
469
453
942
571
-890
707
-840
-698
622
979
-519
427
365
-790
724
-923
-404
-790
776
192
550
-68
62
933
913
-437
-803
-10
189
-945
-547
702
932
757
601
524
618
-648
152
-593
493
-602
873
-715
-941
-738
789
580
-751
-376
412
-622
521
-315
-910
-45
923
383
-319
-385
-767
-505
-586
-151
992
162
703
-328
677
834
529
-391
-577
-819
276
943
-603
-312
-936
-464
-661
-247
-127
571
598
-375
599
115
-985
279
-948
-139
-824
555
340
681
-719
-960
-366
-592
-695
581
-964
-613
-234
-170
966
-146
-225
625
-297
-309
-540
696
-20
-134
198
598
-199
-230
148
-107
-609
655
-90
-406
458
-768
670
-334
857
174
852
-117
372
-255
340
-109
972
-484
207
-404
635
502
799
-791
679
12
6
-91
182
988
-299
101
484
441
-617
518
268
-252
635
-430
-442
915
369
-912
201
-710
338
561
243
730
-750
622
-28
787
468
133
-674
934
233
-100
14
509
683
978
-171
565
-918
955
323
689
197
25
-804
517
-10
-579
265
-80
3
947
-546
-467
-838
452
-844
-156
-306
-94
582
-695
-685
-914
-839
254
304
-105
-16
602
601
988
-724
-518
450
-665
45
-604
-106
-471
594
242
-458
-891
776
665
705
-138
-155
-67
-441
-956
-437
218
670
-684
-896
-271
81
690
516
-171
208
411
235
-278
576
144
-827
-907
834
-452
917
-56
-63
324
-154
-643
611
-137
853
-203
803
-73
-249
567
528
371
827
-449
884
-455
412
750
-147
419
715
-29
554
659
-229
655
-306
112
734
-128
-473
218
373
8
485
-166
-45
865
744
204
-753
975
-152
139
152
-707
-70
-296
-483
-118
836
726
-407
-545
900
-987
127
-57
842
-11
146
-255
-829
-201
-503
-392
-296
-80
-696
-166
-175
-922
232
988
418
-427
258
-428
-827
663
220
-303
-784
-232
298
58
-435
-250
-943
383
-389
664
664
-645
65
923
-224
952
-252
695
591
827
595
-133
345
-86
800
996
768
-877
539
-451
-938
-606
833
-772
571
62
741
-543
-104
179
-643
3
357
944
574
-800
601
824
-598
631
259
585
-566
1000
783
510
695
-597
675
-997
766
97
145
-78
-211
984
461
-241
-962
-365
911
781
-681
406
731
187
183
12
-869
-938
315
-69
254
806
49
-35
368
295
-178
-879
-366
229
880
-449
11
-156
345
370
-675
-738
-403
265
-156
-651
272
-406
-482
-751
894
-40
-245
184
-602
868
372
829
823
-102
-363
365
761
588
-262
756
-952
534
-118
-332
-158
-574
-693
612
-10
-726
447
-201
-804
-318
90
663
-479
98
416
-810
-641
-419
-293
-737
815
-189
-434
-356
322
-656
781
572
-834
-502
-854
-84
-984
-427
27
989
-376
-623
907
-360
867
-910
-801
823
-568
-959
125
-493
-110
-744
129
-37
-814
328
-326
-486
424
-378
674
-95
406
-90
-3
94
-426
-417
411
-458
-178
-72
262
287
-217
301
489
98
526
519
-655
665
42
557
-242
-854
-285
-922
-608
83
168
-531
235
431
-419
923
852
962
-836
-316
-923
-894
965
-981
276
-866
132
457
316
-332
-19
367
669
-799
859
-785
921
219
722
704
406
-923
321
-659
-871
-406
486
-566
708
149
37
-847
90
-234
-814
-278
-480
911
-351
700
442
-585
361
-39
-976
882
-368
-681
82
-273
326
-604
-872
-74
-801
39
632
376
727
539
-147
177
10
-399
-750
399
587
-774
463
119
614
-559
835
-564
-849
-243
193
-753
-943
-475
514
-310
888
-141
-521
-657
967
316
418
-480
395
458
-967
-165
-887
-464
-901
316
-990
798
109
86
89
173
671
-739
320
-514
186
819
-404
307
-215
836
764
-565
-192
-771
-875
-392
198
73
472
-132
786
172
523
-281
239
-705
-703
-699
971
5
627
763
90
-840
-464
-866
470
160
-387
-742
693
-13
-276
-663
331
-599
181
665
-194
397
627
164
551
302
103
256
911
-932
-297
865
941
-113
429
-508
622
256
518
584
-819
964
725
-824
336
-968
761
-946
286
-935
718
-264
359
376
-368
780
-951
480
-249
455
467
750
892
-101
804
649
-239
-731
-527
938
153
457
847
-135
-421
671
-495
488
20
729
910
-843
-654
228
986
556
499
-790
-659
555
42
672
-43
-737
71
918
-665
-571
379
-983
242
-345
81
753
326
-610
423
-10
460
-260
15
62
-957
-160
700
354
842
906
919
780
-850
-90
4
690
-32
401
-937
-507
-188
-626
95
-97
857
3
161
252
-533
-580
-356
696
-327
-1000
957
68
-336
-21
520
254
-635
512
-487
-688
81
778
179
-817
19
-695
-488
-660
328
882
349
83
-76
844
172
-540
-452
449
-29
357
971
848
263
-197
-294
15
-957
-897
46
-640
-604
676
333
-280
404
622
978
-422
-430
553
419
-483
261
290
967
519
-144
566
444
-423
-425
616
515
118
608
395
375
585
-97
-300
-465
-312
-660
-561
306
30
842
-75
-80
953
-278
396
371
306
-530
799
410
757
-151
485
-18
969
138
295
-908
289
-38
253
-372
315
-456
-520
270
995
-672
-260
590
744
-38
549
-196
453
-107
-754
-262
-216
996
-283
-760
-900
729
928
-810
-952
-847
546
16
-13
-78
-403
-847
912
-51
352
454
-259
-250
-941
-486
-980
25
102
-867
566
329
-442
-350
658
11
-247
-711
382
-805
-900
-300
-63
768
134
977
433
926
385
-483
-109
-567
-610
-26
474
-820
388
185
461
356
-166
-18
-855
-909
400
-351
899
857
-386
976
934
119
-364
370
-597
836
999
-20
787
-232
871
703
-758
-155
-312
800
-144
-187
-659
651
584
820
788
-418
962
-855
565
564
749
-260
-967
118
514
626
310
-576
-731
77
-281
345
207
661
481
-534
-467
-153
77
210
-308
806
772
-229
-885
874
-873
-629
564
-876
-45
-545
418
-767
408
642
741
494
729
451
-324
-764
596
-680
-623
816
651
768
-282
-725
552
44
-39
-946
297
-12
-329
779
365
931
327
-291
-935
149
-989
-211
-830
368
139
357
366
-952
923
-330
646
892
-390
-880
-716
-867
-949
449
339
-545
-41
783
22
-866
237
877
-119
741
942
-306
288
-148
367
-494
-546
463
796
-442
922
429
695
-82
-482
424
-331
-645
-580
736
-407
-983
-325
-751
788
762
72
272
-945
782
779
-413
-482
752
903
8
-91
-433
475
-19
753
704
669
338
440
-712
685
-59
602
937
-28
993
600
214
-206
-511
-957
147
70
-127
422
-920
-635
992
-987
-534
542
-519
621
-730
-888
-381
662
79
928
497
693
-582
-675
-100
-392
-926
427
635
852
828
-965
32
-793
-82
-5
-170
539
296
-920
-113
-697
-163
551
845
-173
731
-351
-113
-39
772
506
681
636
-283
-531
-387
617
493
-805
189
395
-492
759
-340
-92
-372
-125
26
-927
783
-607
-599
887
-526
278
335
647
723
-983
285
-458
328
943
-674
-693
592
74
381
-791
756
-752
-606
-648
793
27
-84
625
629
866
279
-121
573
-424
108
7
736
-286
492
244
-899
-758
222
-970
876
619
-111
572
-137
352
-285
26
719
728
-998
368
764
967
431
86
-730
257
642
83
143
-993
732
656
-896
-292
204
-124
-778
-186
266
132
-421
-806
175
-914
985
700
-169
761
827
-923
858
559
-657
-623
957
197
-291
549
-50
-107
-426
-527
198
-253
-164
-564
-538
399
750
817
273
140
664
-610
-817
-864
661
875
-100
184
948
157
593
438
-898
-449
-679
-343
-895
231
-818
115
-691
874
-182
509
952
777
854
-873
6
-462
37
181
438
638
947
27
-841
454
-101
83
746
624
818
-99
272
-109
-341
675
673
-942
-947
-958
-489
-630
129
-45
-377
-738
195
-968
916
734
-946
-838
-122
73
97
-991
-185
74
223
-322
700
432
-416
-381
-202
760
-551
485
-890
-271
-237
-264
-746
736
558
-784
693
845
-745
-471
-254
-527
822
246
-441
-823
417
-577
-582
-145
450
181
536
387
-425
400
-266
454
-289
-45
-562
917
765
-679
-131
-321
-268
854
547
-552
-178
-399
415
-127
461
364
-746
646
688
-516
718
613
751
-395
-127
-662
-981
390
-326
-830
-868
543
885
492
2
-186
781
-733
-722
-975
-173
-339
-126
-834
275
-36
-249
915
-357
-190
178
-810
230
-656
-639
-503
-832
-432
650
-864
62
-659
4
-523
-256
-547
-605
61
-718
-334
-617
-247
-512
-208
-24
125
-879
870
-712
846
271
489
-782
-136
-933
197
893
-749
-17
-856
-938
-298
-656
-45
771
-511
-953
235
253
978
-82
965
58
-853
341
47
-215
-785
-196
-504
492
894
-623
-377
968
-194
841
-99
-386
-991
221
14
-107
323
-471
-768
821
780
-797
852
31
-79
-655
435
623
848
-923
-258
999
-361
-400
-952
283
914
409
-323
-413
831
797
269
-434
821
13
857
-379
-103
277
205
781
-689
-751
761
-94
123
-739
547
-235
532
-236
-360
185
51
314
-481
512
341
-680
492
-153
210
45
478
535
155
-970
111
-138
771
944
-494
848
889
-950
-563
810
-735
-300
-592
59
524
-172
437
523
-312
-864
-667
712
-705
543
-222
907
-470
348
418
-697
562
-238
648
-846
-395
38
-914
-743
-203
345
-434
-829
-674
-71
859
-737
-966
-937
142
288
-516
-892
749
-612
-272
-489
853
-471
-381
-443
277
-126
-412
679
853
378
-478
-26
254
-519
-788
737
-173
-881
700
-482
317
765
604
677
45
915
-210
816
-929
190
-596
-352
133
365
-964
269
295
306
-620
-639
4
304
560
-317
391
-212
627
302
-370
-731
-433
113
-391
566
72
260
275
-613
-584
985
-142
835
-485
-983
-147
-340
-682
-201
-359
65
553
383
-153
-984
81
-149
694
396
378
-186
-326
-681
666
35
898
522
419
-325
-977
-485
-65
781
374
28
-898
-348
-118
929
-894
946
-530
-221
298
739
-858
-311
815
-438
-980
789
68
479
-875
109
-919
41
-857
-744
-321
429
704
205
-239
-553
-529
-423
231
-338
557
-178
-69
47
878
847
-244
470
159
883
842
-865
635
-48
-998
-270
153
-59
-122
582
-787
-909
174
185
676
-704
-518
529
183
-601
-694
16
366
-360
870
-377
-982
-795
-371
806
-58
-118
-319
-71
533
989
499
527
432
-85
762
-22
-249
-18
-57
-574
216
-721
88
106
957
602
923
785
-895
918
198
-796
-520
-142
-494
876
421
102
309
761
538
217
431
496
-311
-258
-979
343
805
583
-199
807
751
563
886
-166
487
792
968
701
353
767
-531
935
-522
-214
-794
355
-520
-909
607
417
-251
424
559
-539
-486
802
614
625
665
768
-274
-664
-364
200
-347
-220
80
576
464
-29
257
71
-971
295
-704
-400
-181
-202
17
599
-364
567
-8
152
-380
603
787
-322
-476
506
-661
-942
-244
793
777
596
923
496
724
65
-427
-253
569
439
-698
-424
-110
47
-326
251
-718
-759
-662
-578
-264
36
119
-4
-294
55
828
-107
-90
-947
-454
-138
-990
118
718
228
142
555
112
381
869
-993
-942
-205
-147
575
444
-367
642
135
410
685
781
-822
-916
896
-792
-484
478
345
-132
-336
882
299
-674
361
-129
-637
776
459
230
-975
142
117
117
279
88
-149
-59
441
85
441
-424
-754
748
-332
-578
-273
100
277
-992
319
-129
124
-259
115
76
642
20
22
-710
619
258
-430
444
-52
149
-883
742
145
-40
-40
-639
544
176
-931
790
265
-764
-946
236
817
185
-740
-850
362
426
149
125
264
-268
-245
591
96
-609
143
-760
-646
137
-945
507
764
-536
-409
761
722
-312
930
-458
444
-272
29
99
108
913
-59
-538
820
352
548
893
13
-688
-47
667
239
-232
-392
-823
-775
380
-616
-43
7
817
-415
739
-128
-319
-117
-142
-175
-899
-197
859
-137
750
-357
794
949
15
-40
100
-367
181
374
-925
-345
718
530
-146
-849
-185
-69
822
-484
-852
-236
518
403
929
-948
-452
-916
562
-658
594
-859
-871
-182
931
289
953
-920
-26
-334
-834
800
-407
-740
-272
-430
153
-941
-109
815
-725
44
532
99
441
-607
947
-193
691
237
-555
-944
583
987
-43
803
-532
-449
-443
-423
-851
-301
-869
615
264
212
693
-97
-794
-68
-691
757
-371
266
858
-724
162
-950
-186
-201
956
-922
243
855
-492
-573
593
-751
-92
-182
-244
489
-968
-587
-593
-61
-825
-513
232
-28
397
-499
876
936
-193
577
-488
904
-738
530
-488
-361
144
-127
-619
233
-42
-615
200
-285
-501
659
-2
433
972
737
-94
-635
986
-101
157
681
207
574
778
719
-123
-953
646
-965
399
-498
894
304
765
-3
591
-552
413
280
-182
-820
542
582
219
-481
113
106
-87
793
-178
-236
462
54
-359
-336
-701
-600
-56
-549
-529
-451
-491
-917
839
-824
476
-286
-189
-819
834
-334
-648
-486
513
-495
-221
-259
-831
58
-982
-240
-624
319
466
116
-362
-398
-33
27
-18
-68
-738
184
109
727
580
391
340
-120
666
161
-20
-553
518
647
-999
-868
488
-275
-669
491
491
-8
280
-307
29
-115
138
662
350
1000
797
-59
-854
-897
-661
496
-217
248
78
821
602
-50
-121
782
-415
571
812
211
594
-915
-702
-741
128
-126
-679
-693
-411
158
-616
-780
-483
667
-185
255
392
997
-361
394
690
477
666
-668
697
-973
-199
471
72
-385
722
832
995
466
-983
-682
-211
715
396
590
714
-479
873
-386
-626
-976
-865
171
379
148
-497
-924
-891
-298
167
-256
-305
-188
-609
-873
-975
199
-645
-613
-46
-155
198
761
154
27
-927
-993
-737
-749
960
-937
-904
-482
161
-451
-67
-715
529
740
-730
-144
-878
-426
-951
-357
-707
854
585
-454
8
-782
465
532
-444
-812
-489
-489
469
-911
-67
119
158
924
-339
-728
504
-857
-294
-405
231
492
844
120
964
542
-272
-186
54
-202
457
-363
583
-62
-60
104
-743
737
225
700
-410
-353
543
748
840
779
-959
328
359
-670
566
754
-420
578
710
498
418
-458
487
-767
-591
204
-985
-95
-383
216
-375
581
-357
-771
-340
-689
792
-669
-972
983
629
173
-509
-25
-624
-411
-531
570
966
-914
-871
-649
274
739
579
-528
958
702
863
-371
947
-765
-324
-472
-148
-912
797
-272
814
-957
-273
-735
656
-556
159
513
772
-81
264
404
461
167
661
-104
-754
-395
-88
-451
538
516
-757
828
-185
953
-685
-687
245
-511
188
812
683
-660
-277
-767
-504
395
-421
-536
-953
782
170
-214
-184
728
355
-664
439
121
323
763
-873
591
-865
193
-828
353
846
-503
-149
-403
271
328
-771
275
-650
772
-466
273
812
777
-809
-557
80
-115
-546
446
710
-816
-446
-337
514
-287
103
854
307
-921
64
519
-796
256
-156
-720
806
247
-770
658
-349
519
323
-369
-867
444
-983
-724
562
649
-163
231
-989
647
147
827
119
932
114
-724
834
535
-421
132
265
-587
-186
-655
-668
-699
489
637
-885
375
394
-538
-725
924
103
-993
986
-105
-830
451
533
-344
-469
306
-586
342
574
-243
-758
-280
-696
12
6
-408
513
579
-145
897
-662
-65
-639
127
499
-671
77
196
770
-613
-79
-815
823
-593
-518
-586
-65
-878
-503
-969
-152
-881
-883
32
7
-801
645
299
-611
536
-101
490
-262
-812
-342
-361
-931
-322
44
39
-359
-650
-227
317
-38
-446
443
-774
989
-752
-983
52
519
262
-563
-492
184
-594
537
832
-282
472
223
-803
-756
-198
-275
928
-209
-880
983
81
151
-404
908
151
-81
633
242
-14
-777
-625
-648
-474
897
676
729
936
-979
580
596
-353
-592
689
462
432
-94
-397
481
-624
-172
-753
748
-494
281
-768
677
-824
-34
553
-790
-287
-645
160
557
807
-614
631
-413
903
581
371
478
769
-382
228
-565
-548
-655
117
-708
-301
163
-24
-140
753
-962
919
831
-489
-34
541
-248
409
148
410
225
34
-456
749
-741
-545
395
278
-278
462
835
-546
-853
-515
146
729
-610
-938
-732
-704
342
-685
-960
883
267
655
-700
9
734
527
46
-802
889
-576
-447
588
367
904
831
-300
-6
-413
-582
77
581
295
-176
947
688
-379
-18
-886
-243
428
62
532
-492
-675
8
367
319
750
266
-428
-797
-507
-290
-295
797
353
-463
443
298
230
-814
52
725
-858
237
-251
755
-247
-937
-719
-85
-817
46
-396
-597
-50
656
-328
-709
955
126
-705
-80
-76
-112
-40
844
502
230
237
-59
-195
-559
170
-602
-51
-865
154
79
725
-52
604
769
429
-513
254
432
-319
853
216
787
-864
721
-131
-591
-867
363
-369
414
369
90
53
-194
289
-846
-490
-454
838
-418
-688
-723
494
-922
26
-343
-361
-704
664
-857
-383
59
-163
107
-928
-84
-87
-32
924
-524
119
-963
-144
-47
644
483
734
-617
-85
-25
125
-243
712
579
50
310
-968
412
-424
933
61
-819
-549
362
-52
46
-37
608
374
793
72
893
-458
376
-196
242
-678
-390
-873
-848
-229
235
-650
161
361
373
452
7
-436
4
-73
-660
-544
570
533
455
-480
944
-977
-586
986
404
-351
830
-828
214
-588
-785
-457
-150
-252
-399
155
-715
79
-331
397
259
859
11
679
859
950
818
460
-874
357
676
665
504
715
-957
791
-41
-34
-484
757
286
-158
-570
-854
-618
95
686
944
292
851
-803
-195
707
784
-289
-365
709
-801
588
498
-969
-972
363
-505
-348
490
241
-983
-875
114
182
431
-434
-820
-377
957
181
634
-523
-46
997
823
-229
770
780
700
902
842
319
831
-260
327
640
-173
278
-732
-730
-605
68
660
622
713
-804
-224
523
19
-330
284
-327
363
806
507
882
-33
439
-526
-421
-688
-268
-799
99
978
996
-291
-343
622
-876
-529
104
527
-927
-424
-22
-541
145
126
612
190
793
332
-40
-369
-290
884
-769
-919
803
-128
-35
-828
335
-653
-77
29
-405
-601
-427
-833
-439
954
181
-991
-502
692
-907
771
-40
-894
-390
-570
359
488
659
85
-190
235
224
821
280
345
17
733
430
-964
267
228
-961
-36
570
595
778
347
751
-189
-313
-491
-999
689
769
890
-13
108
-740
96
620
343
121
584
35
956
-8
434
-132
982
-284
437
344
-853
-273
-659
348
990
555
-578
-472
-669
401
739
-249
-364
463
241
648
320
-520
4
-500
353
31
847
277
-222
40
-406
274
-380
40
252
-8
832
857
-81
308
510
317
-940
-454
-78
-612
430
192
900
-795
-630
849
585
868
688
-684
-103
-609
-167
146
191
80
-883
-317
-845
760
-287
564
-418
825
-777
1000
-747
-293
-951
-17
-720
-185
366
-254
940
-241
-960
-759
276
-119
597
-139
-870
-353
152
-215
360
-261
-605
-527
-808
361
-784
-195
765
-466
799
-408
-665
1000
-387
169
-84
-819
599
-586
-765
660
-861
215
-811
450
-460
-575
167
-355
-671
128
411
973
-501
-972
877
588
-748
-292
902
972
-402
-70
-293
399
-127
-226
-320
-551
-627
-771
152
318
-497
-185
834
793
-617
-173
-663
-868
-190
-929
-112
-831
964
989
-235
824
868
-518
-96
815
662
-265
80
-614
703
-487
-274
-141
-139
-180
-984
-278
875
-177
-231
-547
904
535
510
-815
-23
-313
610
-909
775
315
-964
554
-452
384
-722
975
-803
-943
704
-829
-580
484
414
84
263
-24
453
995
-95
107
217
211
406
-912
872
521
-635
-792
727
666
-760
-448
-383
282
177
999
-12
-389
-711
535
803
-349
-255
901
-927
-166
746
774
681
-806
-627
460
717
395
-174
-275
646
-807
453
-626
160
260
395
-983
-941
336
-144
-723
102
-139
-437
23
196
-324
-846
-759
-482
147
-700
-516
-345
-39
-643
-412
49
547
-521
83
-955
-486
446
-425
-515
-605
611
-160
-211
977
914
-547
82
-184
580
346
-422
-380
-267
-91
-369
456
186
-852
251
214
-598
-846
323
368
81
-334
616
-984
-618
-667
857
490
-681
821
118
650
456
-274
967
548
-808
-556
-671
798
633
-707
234
-660
657
823
419
668
67
735
-669
666
-805
838
-846
-467
-411
-409
149
-863
362
-526
608
-682
-345
-515
209
-618
868
78
960
-586
923
359
54
618
52
-70
170
-366
-509
962
-833
278
-621
-882
888
90
-101
899
703
757
785
903
313
794
895
-23
-57
332
501
574
884
-180
-839
76
-912
-671
-855
-706
-49
648
-679
897
-86
532
333
-875
354
-73
-121
-276
-385
451
734
-942
-64
-701
894
-823
706
896
-791
937
-507
-623
-202
-631
484
-36
-567
949
314
-862
339
700
-655
-424
958
-847
-469
-1
601
347
520
-543
989
955
-908
-317
582
533
906
2
737
-455
96
-226
-814
579
-717
-305
239
-727
533
278
537
778
-512
-859
531
297
-982
-525
316
873
265
-982
934
-945
-866
732
50
-958
-700
775
45
-347
957
608
-902
120
-546
53
184
703
-832
-585
-625
-482
757
942
233
-471
-667
-372
-889
-293
722
-40
-928
589
-349
171
-418
310
-980
-444
407
479
-584
-827
733
854
-438
522
262
539
-420
134
18
-457
274
-272
688
-231
-391
-179
-419
-60
503
-81
634
393
757
305
-659
-403
796
628
28
-566
215
553
895
-990
-599
-991
-264
-342
-825
918
181
-588
-892
-665
-378
-305
409
-887
-406
632
-405
-605
-62
-207
148
881
-666
974
-700
-576
-160
283
-322
560
226
597
811
906
512
558
-841
-593
-775
75
-323
466
-685
314
-298
-481
628
-665
-778
756
-797
-1000
853
616
481
447
35
-115
583
643
563
539
274
-560
795
-317
-116
619
-430
166
491
-993
-577
-751
629
-943
90
-463
-912
-463
-479
762
-783
229
-250
172
646
991
-461
-372
622
-795
-587
806
384
-119
819
308
-887
-847
152
-398
548
-42
201
5
-741
-251
73
-636
317
-241
-889
703
881
-361
769
-662
-25
869
-963
160
395
-808
-972
-294
94
-496
866
-696
815
133
956
-717
822
-255
826
93
-549
-355
552
342
241
-192
474
720
194
913
-696
541
540
-590
-140
671
932
859
341
1
-855
747
-121
516
-733
672
783
175
-557
-699
-895
300
614
579
-823
-110
141
480
-766
182
102
989
-446
-86
-281
-782
72
-449
-133
229
-615
196
-787
-996
519
641
447
317
-644
-270
157
-215
825
882
-159
-168
362
676
428
161
-89
-866
229
-597
827
249
580
245
430
-968
649
878
582
298
123
-844
-565
889
536
-791
217
-994
108
-615
-682
23
-889
235
14
134
-483
239
-878
480
-87
