537
-531
507
662
525
-82
-473
825
123
698
284
-130
-472
356
-95
-900
333
-108
455
756
-840
585
570
-659
75
612
221
195
-526
282
865
883
191
816
-52
796
-806
358
921
-826
261
-235
-490
984
-978
446
-91
-88
774
-468
-674
45
-519
300
-110
369
-644
-904
-138
-82
604
111
-911
536
950
618
-855
902
77
653
-806
540
97
-696
307
722
42
-599
240
518
-420
540
-23
133
486
-511
673
-767
622
-571
851
492
998
-215
-139
594
-864
360
-786
988
-720
327
944
-399
755
928
-227
829
543
29
509
617
662
-183
730
-228
-681
189
-923
116
-11
905
-209
240
-96
504
488
220
132
-57
-55
-690
317
-430
888
315
-531
-772
-654
-151
270
93
346
-134
506
71
-863
503
881
-969
-173
-124
-247
182
-398
601
251
-836
-787
524
964
890
83
-379
332
232
-462
233
522
825
465
599
567
-200
462
-928
-46
460
-993
-636
-797
441
-550
789
365
372
776
-25
-929
-203
948
-444
112
-396
147
-378
393
-668
-472
-250
-646
228
949
916
-834
-66
-990
-274
893
-772
343
-580
-912
-327
988
161
-458
-913
4
-738
824
248
450
15
183
586
-722
544
-676
-85
-629
-268
863
391
51
737
238
-834
-203
-901
658
905
157
-220
761
220
549
-622
-289
914
55
-565
-523
427
871
41
900
816
852
367
-392
-453
-574
54
199
739
-853
898
-855
222
-423
-316
930
616
-456
797
775
-953
-643
920
-960
-473
-534
116
-57
691
-235
949
309
72
-113
-720
371
143
212
744
205
564
846
480
298
331
-371
641
321
958
50
-368
176
424
717
150
577
12
-284
-485
-397
-218
7
250
-593
-226
346
793
24
327
-417
714
464
567
-260
544
-105
-800
-14
-842
-536
-21
551
-119
682
461
-398
-479
516
357
-467
745
511
-635
609
305
-577
-482
-451
-719
-928
-868
678
640
763
407
-188
-705
885
617
-946
-864
-425
-58
504
693
-117
258
948
659
375
725
-189
-311
-737
998
-649
251
534
-956
-621
-796
584
-886
90
-564
385
-906
372
319
158
-214
983
223
-491
-794
-931
166
-837
869
-569
861
-156
-757
-582
-316
859
-301
650
225
-106
787
-71
-128
-723
-753
358
-902
488
-835
185
233
-501
-817
-441
856
71
-5
390
232
-268
-701
659
-744
-19
-448
967
-671
10
-941
759
-21
-684
-849
162
-125
715
798
-442
31
-570
997
-515
747
-997
-71
939
771
-65
389
915
40
-646
-87
248
944
-244
-239
802
448
231
-375
30
-654
948
430
-761
-721
-669
523
787
-814
948
952
833
-304
470
-989
477
-283
-748
884
-177
-940
351
-935
550
-341
271
727
-166
-174
807
159
-399
653
796
297
858
606
561
-908
507
244
395
-356
81
-409
822
-648
-721
-788
-11
-844
364
-423
-189
475
-266
-898
780
409
822
-233
436
819
-657
754
-391
617
-852
242
-175
584
128
159
-834
27
426
919
-74
-40
837
-389
397
-362
56
658
-13
81
-852
-986
378
645
-849
-220
-802
-541
275
804
928
-607
247
417
-188
-116
-657
640
527
-395
-573
742
479
-204
-145
-237
645
-715
-176
-473
-662
928
-500
358
375
18
91
178
759
-592
873
-355
265
-204
-130
-851
854
-388
24
-11
945
34
-644
-620
-634
-30
483
-667
-283
148
656
-898
-251
674
-13
-90
573
917
628
-750
-897
-767
-803
926
-982
-986
-328
-560
-850
-396
760
992
-275
619
720
-495
-8
-358
53
134
344
376
307
223
-914
680
231
409
662
-216
-208
-307
184
218
906
-604
172
840
731
-228
314
-736
-707
-834
146
-599
466
-31
303
-875
-187
-976
305
902
-708
749
-100
818
-606
-112
411
252
-659
-65
-790
-380
419
56
-587
-139
-640
-605
-357
-872
718
389
676
-39
680
948
-659
-390
-404
265
-875
-766
-818
-222
-515
-787
996
-106
988
-332
-851
731
-703
-838
643
-879
-876
-401
487
275
611
-469
-3
2
-88
-218
630
943
161
-370
354
324
227
473
139
284
86
-525
218
-656
-281
-598
-371
643
202
886
509
-358
34
496
481
26
-588
709
938
398
-845
549
-234
399
-301
-953
879
130
705
328
341
447
675
187
-607
-71
888
-568
-258
-325
845
906
-45
502
626
273
-447
-483
-47
432
-313
-126
-176
693
-177
-574
-300
-18
-513
-422
-543
42
877
-836
201
340
835
41
852
713
483
477
386
-161
-831
-864
639
-302
30
-529
-430
-17
-874
-936
944
745
778
575
-306
-939
334
-312
-404
-936
-165
710
-454
583
-576
-858
980
-179
-30
801
-473
937
849
799
-548
957
654
-944
949
-347
-634
-912
-756
63
579
156
-302
616
692
342
545
-125
-564
12
720
-934
-791
-892
-206
-834
-230
-252
-83
651
-650
-263
120
308
322
368
-985
-754
-878
-932
-204
346
505
-924
745
491
641
136
-251
565
-751
-697
739
-202
-258
441
928
-524
-512
-722
-892
-650
-889
691
44
-872
505
-216
-205
-320
-813
457
-976
-135
-820
-922
918
-930
-280
-421
-795
-474
223
281
-777
451
457
-319
-138
-612
-264
-279
-583
-843
-931
988
215
-756
-229
-334
253
-437
346
736
-640
498
-664
520
-784
465
-9
414
-656
395
-536
969
1
-193
-139
-66
-441
-879
224
-559
547
-988
-557
-171
849
-248
-331
266
-136
668
288
379